
0.11904699594864207,0.083159098802157425,0.14250304679142609,0.27362926496304724,0.21184146613353694,0.16982012736119034
0.12083311534418542,0.088734627686630457,0.13498454851695393,0.26890096632115867,0.21854983515096071,0.16799690698011085
0.12189258518775344,0.086513830941293238,0.13267519742992068,0.28176573471950084,0.21036495912845585,0.16678769259307602
0.12103799591608141,0.085007336948499254,0.13301640167483963,0.27879667646770018,0.20898663439483436,0.1731549545980452
0.1230336089611542,0.085980188749447115,0.1343288479580024,0.2805189941479953,0.21220070898664611,0.16393765119675505
0.12200430062769098,0.085690328988297815,0.13410470291920323,0.27586507329904186,0.21068601174029813,0.17164958242546799
0.1216397966341467,0.084680162614403878,0.13644687881534032,0.27507833332316356,0.21046800298394441,0.17168682562900106
0.12309276685184783,0.089404747265915838,0.13334702650678862,0.27630747185129451,0.21357519395147365,0.16427279357267963
0.12013682137378899,0.084637634182537794,0.13522951174979844,0.28051265805849263,0.20586589894979107,0.17361747568559108
0.12200430062769098,0.085690328988297815,0.13410470291920323,0.27586507329904186,0.21068601174029813,0.17164958242546799
0.12407275731201685,0.087397810855882774,0.13257340563953413,0.27378935612492056,0.20715281091851057,0.17501385914913511
0.12168540495456982,0.08535225777907797,0.13305359863742805,0.27538703810515219,0.2129047189949855,0.17161698152878638
0.12200430062769098,0.085690328988297815,0.13410470291920323,0.27586507329904186,0.21068601174029813,0.17164958242546799
0.12124644505956769,0.083727246214804013,0.12991582311782288,0.28600380804233871,0.20428691312111402,0.1748197644443526
0.12200430062769098,0.085690328988297815,0.13410470291920323,0.27586507329904186,0.21068601174029813,0.17164958242546799
0.12198103559609973,0.085944187652729501,0.1319469726676854,0.2728685038229498,0.21635049807126414,0.1709088021892714
0.12202430648322045,0.085700042029098769,0.13410032149342013,0.27586362631859129,0.2106896180268284,0.17162208564884091
0.12350607360299873,0.085422208071794375,0.13813827069863491,0.26951426403698181,0.2144218082070744,0.16899737538251572
0.12233288979761697,0.083878088509392698,0.13708471776725106,0.27194645523182692,0.21428380012254949,0.17047404857136286
0.12343952572343803,0.087261793160844814,0.13416840972760558,0.27334175643185682,0.21112228994033075,0.1706662250159241
0.12200430062769098,0.085690328988297815,0.13410470291920323,0.27586507329904186,0.21068601174029813,0.17164958242546799
0.12357755980547062,0.088134114295073576,0.13720371515809907,0.27134194966198111,0.20946385725527192,0.17027880382410382
0.12128441443305019,0.085154228808478519,0.1325101422313163,0.27739848165469261,0.21148429298380744,0.17216843988865496
0.12208062848584279,0.08617491935347249,0.1330161502344524,0.27749809232837819,0.20989829449183284,0.17133191510602117
0.11867266675651301,0.083341909453823138,0.13039135173859173,0.29120877511506665,0.20487250497132525,0.17151279196468019
0.12365543109948722,0.088035221017834328,0.13376443883671349,0.2733422061415447,0.21023774570013185,0.17096495720428845
0.12252367572628964,0.086307056648294952,0.13379471208178467,0.27557961471945946,0.21035196420756777,0.17144297661660343
0.12102079725497686,0.085894736681991352,0.13164978159313612,0.28333408801458304,0.20875876523737774,0.16934183121793481
0.12652158416587411,0.091370845759688915,0.13090559981880479,0.2708173987021702,0.21251031261687797,0.16787425893658414
0.12219620996394066,0.085557152951404397,0.1341604565420165,0.2736495650985315,0.21228830144997321,0.17214831399413372
0.12106993358448971,0.085025471476776679,0.13483913820989793,0.2755854419928509,0.20971196701926376,0.17376804771672111
0.12241146625086601,0.085525881618450497,0.13303111306699084,0.27876037162521466,0.20543602432590208,0.174835143112576
0.12196433766256047,0.085670958073142303,0.1341135207343466,0.27586784031192335,0.21067881224845064,0.17170453096957658
0.12275302555619563,0.086996154128833866,0.13546224257540618,0.27252978983355591,0.21197875524553342,0.17028003266047498
0.12169765584509856,0.083774552653475221,0.12890839913221855,0.28767962212222414,0.20274375552471405,0.17519601472226956
0.12202430648322045,0.085700042029098769,0.13410032149342013,0.27586362631859129,0.2106896180268284,0.17162208564884091
0.12022000680402126,0.085636682026917682,0.13300180455309044,0.28118085483797428,0.2088004256646874,0.17116022611330889
0.12202430648322045,0.085700042029098769,0.13410032149342013,0.27586362631859129,0.2106896180268284,0.17162208564884091
0.12372392009857502,0.083095491992218523,0.12892078894967959,0.28551862359000735,0.20457090490375329,0.17417027046576627
0.12020251885624496,0.083675534855593744,0.13344588729034748,0.28356916861504916,0.20795113140036348,0.17115575898240112
0.12029019216879469,0.084599930485123487,0.13368392007759908,0.27565538086106189,0.21679474973495258,0.16897582667246827
0.12061186033041797,0.084752725735170314,0.13397312669509451,0.27887283297237214,0.21258091633995946,0.16920853792698567
0.12202430648322045,0.085700042029098769,0.13410032149342013,0.27586362631859129,0.2106896180268284,0.17162208564884091
0.1220481325103154,0.084698539243003954,0.13381858869312618,0.2773305156040296,0.21051302034219946,0.1715912036073253
0.12200430062769098,0.085690328988297815,0.13410470291920323,0.27586507329904186,0.21068601174029813,0.17164958242546799
0.12119748233272473,0.084891421283303167,0.13357731413679969,0.28074375400294754,0.20731685640450637,0.17227317183971855
0.12221468849031801,0.085434970199065485,0.13622904177959722,0.27475706900576874,0.21050646162800452,0.17085776889724583
0.12015531130001927,0.083509589992109376,0.13097716618590655,0.2765818022559971,0.20657831768984794,0.18219781257611981
0.12202430648322045,0.085700042029098769,0.13410032149342013,0.27586362631859129,0.2106896180268284,0.17162208564884091
0.123684536744813,0.087910023539932977,0.13232410926891786,0.27367060221944745,0.21329739204636888,0.16911333618051988
0.12202430648322045,0.085700042029098769,0.13410032149342013,0.27586362631859129,0.2106896180268284,0.17162208564884091
0.12227048310906749,0.0856954210580569,0.13827004741647445,0.27173379240245166,0.21300600218453303,0.16902425382941647
0.12204432856449431,0.085709773434551176,0.13409595830692719,0.27586213716489671,0.21069322864255227,0.17159457388657834
0.12531166152912576,0.083717268507358125,0.12976318510377241,0.274754987207941,0.21029452999312725,0.17615836765867549
0.12212589868437408,0.085541722609753401,0.13273178830680399,0.28079005902680859,0.20723956368876889,0.17157096768349087
0.12050497560295595,0.083273028809238883,0.13077089225220387,0.28596779505300279,0.20272286493770741,0.17676044334489116
0.12202430648322045,0.085700042029098769,0.13410032149342013,0.27586362631859129,0.2106896180268284,0.17162208564884091
0.12119686943658191,0.0850380369742951,0.13502830124994186,0.2721712400396033,0.21291048091168102,0.17365507138789679
0.12135599406531956,0.086691882192377223,0.13302080219619938,0.27727385996819393,0.21103608580864602,0.17062137576926401
0.12123227504044717,0.083720828877696052,0.12992073107262703,0.28600263138412257,0.2042807912618804,0.17484274236322686
0.12357443347899812,0.083104540426812326,0.1289052403999785,0.28722194966253273,0.20273878755333782,0.17445504847834062
0.12221244246060477,0.084846313786183222,0.13543249953828915,0.27607218894898833,0.21141490479931219,0.17002165046662235
0.12240237500689394,0.085364791726674674,0.13529180162342538,0.27475179248185683,0.21128533317380327,0.17090390598734587
0.12195313147597302,0.087027077904965625,0.13292014736748023,0.27604718223514474,0.2098451390036449,0.17220732201279126
0.1236426030038352,0.084339057182404253,0.13195142446868435,0.27976521638647334,0.20924671624733993,0.17105498271126296
0.12330251958696074,0.086073067410568832,0.13553295817400371,0.27282090543550247,0.21372392214890693,0.16854662724405742
0.11964167072589947,0.084333924199261084,0.13112413983862417,0.28175528995685212,0.21289339708687333,0.17025157819248987
0.12243520413572795,0.08470411525940813,0.13276038644037275,0.27757839800839684,0.20883195322153555,0.17368994293455886
0.1223647548799124,0.086143996931956193,0.13503064125666442,0.27460688124783283,0.21001102597887689,0.17184269970475732
0.12162264288930746,0.084758684052795435,0.13529783767232001,0.27843133124252079,0.2136949406692967,0.1661945634737596
0.1226188876580392,0.08503674106674311,0.13265848537719258,0.27091434515267693,0.21594671813289315,0.17282482261245508
0.12268828700685779,0.085175596031387579,0.13248273938453572,0.27484227827741359,0.21186616253353363,0.17294493676627185
0.12181646152008607,0.08504916813574763,0.13145613508579512,0.27903966800696339,0.21002952709388245,0.17260904015752535
0.12256650272464867,0.085354762436148909,0.13504429883237595,0.27475219068390849,0.21135161328916288,0.17093063203375497
0.1219843110150749,0.085680634330272801,0.1341091026456753,0.27586647799920821,0.21068240980636824,0.17167706420340056
0.12247065830141886,0.085744287931388954,0.13091702958152093,0.28089153763394936,0.20919780254192544,0.1707786840097964
0.12147934774331424,0.086366063856838579,0.13325831736533642,0.27865645250566823,0.21086403968369791,0.16937577884514463
0.12080184319946635,0.08417578192789936,0.1333624314718079,0.27721926134269492,0.20873647033368892,0.17570421172444256
0.12075483632686014,0.08510962316539894,0.13303264405429319,0.27505827961339524,0.21285184799821744,0.17319276884183502
0.12255596092163193,0.087110901495842261,0.13599614913032979,0.27363386463175859,0.21046823211340365,0.17023489170703371
0.12191993340220593,0.08698538698434595,0.13301445904854772,0.27659833794469646,0.21037202922856052,0.17110985339164322
0.1216827569005441,0.085444308499207172,0.13341722003326301,0.27773395771255383,0.20898276720357672,0.17273898965085516
0.12311453867682372,0.08509635161417041,0.1440509673592012,0.26714926381573961,0.21540314329270674,0.16518573524135824
0.12278810510458102,0.084527079562647475,0.13635356267522428,0.27496501499415194,0.21207661393216862,0.16928962373122672
0.11987841835001527,0.085902261718725823,0.13320828478249913,0.27720520387248582,0.20878325792035601,0.17502257335591792
0.11987505903685303,0.083068803836638921,0.13300825101548658,0.27480027394224471,0.2118586153071198,0.17738899686165682
0.12055253747752639,0.084666390052044099,0.13248290032123125,0.28246309153297688,0.20814843210600495,0.17168664851021639
0.12200911069211429,0.085555954109900009,0.13364423763518607,0.27719926125872535,0.21068024425351412,0.17091119205056021
0.12200430062769098,0.085690328988297815,0.13410470291920323,0.27586507329904186,0.21068601174029813,0.17164958242546799
0.12324155949071638,0.087113432211483585,0.13439074460676576,0.2733282535848468,0.21033423902495882,0.17159177108122858
0.11972519934493318,0.083665654672522613,0.13801183407364673,0.275163753781759,0.21067042627464647,0.17276313185249209
0.12274262979832405,0.087110317395105843,0.13190228680528693,0.26596479886698099,0.21337011789948607,0.17890984923481634
0.12182135847963034,0.085342770714807628,0.13616066018268563,0.274746170037448,0.21097566545916735,0.17095337512626094
0.12188957398311347,0.0874084759603833,0.13646516310500731,0.27467194114246724,0.20951983963507542,0.17004500617395329
0.12264623890292674,0.084220215611368707,0.13871241430412337,0.27520935172052746,0.21553862700921775,0.16367315245183608
0.12193614946191884,0.086697136757245871,0.13292543046248426,0.27529523789361726,0.20941350964285127,0.1737325357818825
0.12134379927736243,0.086539421998922034,0.13210534415911374,0.27494577614993371,0.21193244192413316,0.17313321649053484
0.12060583106675568,0.084748489033007232,0.13387016471169555,0.28161286562551879,0.21223336282426636,0.16692928673875648
0.12120401590147858,0.083708078931994487,0.12993062641425052,0.28600011560376976,0.20426855659134688,0.17488860655715979
0.12269427376106387,0.085597187990603174,0.13313664709586462,0.27338205873112714,0.21017381776244842,0.17501601465889277
0.12324155949071638,0.087113432211483585,0.13439074460676576,0.2733282535848468,0.21033423902495882,0.17159177108122858
0.12065929609073865,0.084321597292569384,0.13807009570398704,0.2727302435394911,0.21234824710187872,0.17187052027133515
0.1219843110150749,0.085680634330272801,0.1341091026456753,0.27586647799920821,0.21068240980636824,0.17167706420340056
0.12284041178923966,0.086826328394172522,0.13636353597342069,0.27047801645159858,0.21453359172724812,0.16895811566432037
0.12202430648322045,0.085700042029098769,0.13410032149342013,0.27586362631859129,0.2106896180268284,0.17162208564884091
0.12196043364838399,0.086836246773716916,0.13699879045619276,0.26974729028737598,0.21384018567489516,0.17061705315943534
0.1284664580806896,0.091007335346099671,0.13256856937054706,0.26640430538645415,0.21550543603726469,0.16604789577894494
0.12105936324882868,0.08507188100167698,0.13439894147900541,0.27951600180010383,0.21306226730393257,0.16689154516645255
0.12058704572674529,0.084739969954440622,0.13387457910581568,0.28146007499698522,0.21223099709531917,0.16710733312069403
0.12417164996311875,0.08839881749653701,0.13429585424329862,0.27193762435263802,0.21108293961745211,0.17011311432695542
0.11978481607109152,0.081016893422557787,0.13000166979046049,0.29161632536992182,0.20468999276278971,0.17289030258317872
0.12517948395527237,0.086577202193038091,0.13568617789732862,0.2719331738312773,0.21119894752372728,0.16942501459935633
0.12151086627631832,0.085343762910825849,0.13356232968514087,0.27474936423953034,0.21185611360888387,0.17297756327930072
0.12123227504044717,0.083720828877696052,0.12992073107262703,0.28600263138412257,0.2042807912618804,0.17484274236322686
0.12128347101520828,0.084946076233757759,0.13276123082114169,0.28097023096306145,0.21309210788921901,0.16694688307761188
0.12166364490349782,0.086942083501088355,0.13566758459601727,0.27873651172373398,0.21420025322473413,0.16278992205092832
0.1240641920721345,0.088452153577488632,0.13726290542857869,0.26970316543411998,0.21223664253200861,0.16828094095566959
0.12104325225178884,0.085011028575225342,0.1330221781986205,0.27846675473157773,0.20899571008962287,0.17346107615316464
0.12002158554212702,0.082833037059153389,0.12696499802487912,0.28809658212959377,0.20650631373281542,0.17557748351143126
0.12250244271489934,0.085901891324448282,0.13370911095621685,0.27475219068390855,0.21153210941726169,0.17160225490326531
0.1222034435765512,0.08612336856905127,0.13629369280026707,0.27364884823364427,0.21146005051488848,0.17027059630559779
0.12582977740381321,0.09136315476047456,0.13040816167027944,0.27705041852384271,0.20601308608275892,0.16933540155883126
0.12244434946474653,0.086352970271497131,0.13460062617051738,0.27681133234452537,0.20992642129654793,0.16986430045216577
0.12109143855485908,0.085036285710450799,0.13483097087612797,0.27558711549104903,0.20971617990208996,0.17373800946542323
0.12273916082378281,0.084473762078776271,0.14031209938987468,0.26888880857456576,0.21395025743952667,0.16963591169347372
0.12358339489798022,0.086159975183123655,0.13408165015548623,0.27657925789579313,0.2094334098235705,0.17016231204404644
0.1219130538223874,0.086528236724364022,0.13267177515999343,0.28175972679647349,0.21036615887354046,0.16676104862324115
0.12202430648322045,0.085700042029098769,0.13410032149342013,0.27586362631859129,0.2106896180268284,0.17162208564884091
0.12149082914154533,0.085334017297289941,0.13356657048985751,0.27475047295500027,0.21185283070120089,0.17300527941510604
0.12122182627824295,0.084332446251976403,0.13787819252897432,0.27278510680412049,0.21534083291324591,0.1684415952234399
0.11932104801985088,0.083777517802693866,0.13077676476480074,0.28375537419683911,0.20597432607586055,0.17639496913995487
0.1219843110150749,0.085680634330272801,0.1341091026456753,0.27586647799920821,0.21068240980636824,0.17167706420340056
0.12119994806363761,0.085432977498580615,0.13357401982475778,0.27250331987355281,0.2136992606940917,0.17359047404537947
0.12087125441906112,0.083773647548176775,0.12980347699848799,0.28608537057801192,0.2049072708704979,0.17455897958576438
0.12216283348431131,0.08383952071839143,0.13174579159869396,0.27418055383515594,0.21355301313585878,0.1745182872275885
0.12107810604190218,0.085080351847580546,0.13439438089720551,0.27951597552624985,0.21306443794946167,0.1668667477376003
0.12263380039494505,0.085032151770624578,0.134914841069257,0.27401171694554177,0.21490226091247577,0.16850522890715583
0.12200430062769098,0.085690328988297815,0.13410470291920323,0.27586507329904186,0.21068601174029813,0.17164958242546799
0.12170231073876277,0.085453738559069389,0.13341264842806014,0.27773363021184588,0.20898617480779894,0.17271149725446283
0.1221629652706183,0.085379176358483591,0.1336091353479949,0.27589418311726244,0.21028930357692141,0.17266523632871947
0.12151367656258959,0.085345736729403515,0.13496163730897381,0.2752024924749823,0.2098387659710243,0.17313769095302661
0.12115952093050927,0.085118953906182362,0.13522325124689813,0.27500711188273225,0.21068450248779341,0.17280665954588464
0.12009871920638637,0.084343403204676468,0.131958223973549,0.2830967063620719,0.20845263519943621,0.17205031205387988
0.12277798179206172,0.087144115644837428,0.13540283593373914,0.26942438560771731,0.21304846482325648,0.17220221619838785
0.1239620996371092,0.089652597143921667,0.13143430140039092,0.27269521532661095,0.21136080210359559,0.17089498438837158
0.12491449041514048,0.089438406523949965,0.13738729030445573,0.26827107458737443,0.21188145743277717,0.16810728073630218
0.12258415940076441,0.088482688957362804,0.13608403549954901,0.26857072510917973,0.21539565426858034,0.16888273676456367
0.1233830740622341,0.087072160568986798,0.14085529296641977,0.27035879714370675,0.20949155916979498,0.16883911608885763
0.12163084011200775,0.085344751577355563,0.13577791907171533,0.2747525470790399,0.21153659909192615,0.17095734306795529
0.11962095465491834,0.084007876827145986,0.13143328114230282,0.28522102413792566,0.20762339005497099,0.17209347318273627
0.12225049963108087,0.086015552188682745,0.13444706909572457,0.27473752786315198,0.21160580058377756,0.17094355063758224
0.12052687144817019,0.084107844791775757,0.131403254162889,0.27749742444698428,0.21269211639889946,0.17377248875128123
0.12170062655258522,0.085519416984723193,0.1325279916141239,0.2731135116022676,0.20637137357080559,0.18076707967549441
0.12106144777215082,0.084155223772857377,0.13041937607874929,0.28475215908643181,0.20374210122890099,0.17586969206090977
0.12200430062769098,0.085690328988297815,0.13410470291920323,0.27586507329904186,0.21068601174029813,0.17164958242546799
0.1216827569005441,0.085444308499207172,0.13341722003326301,0.27773395771255383,0.20898276720357672,0.17273898965085516
0.12109148729750534,0.085215042194763474,0.13483102514931522,0.2746457143636431,0.20998475022853266,0.17423198076624019
0.11946725853631807,0.085583358801238602,0.13501077285709326,0.27471495779357996,0.20771856050470802,0.17750509150706223
0.12079822242566227,0.085627041612524601,0.13525032835015208,0.27304002861633769,0.21424057567549454,0.17104380331982882
0.12155946281877791,0.085890637213798221,0.13528404756056789,0.27146109807836749,0.21677615916213736,0.16902859516635094
0.1215379103662186,0.085358436582846295,0.13539260062454991,0.27476401755595625,0.21055572781879786,0.17239130705163105
0.12179934644188328,0.084982417257665671,0.13729309238289331,0.27387710138950933,0.21115048061156305,0.17089756191648522
0.12247944307930485,0.086325886995294338,0.13436588195075283,0.27358949740903044,0.21405637981107609,0.16918291075454142
0.11926365940225409,0.085060589585456675,0.1307641491210691,0.27433878656945138,0.20958827308843539,0.18098454223333335
0.12339495160045449,0.087117134824116607,0.13600012456346536,0.27280338848519081,0.21095096239675276,0.16973343813001998
0.12226609298477399,0.087611413466090318,0.1320662314029058,0.27763301179129268,0.20978087548443666,0.1706423748705006
0.12241124623027648,0.086746704465113109,0.13229663603875164,0.28066276876904411,0.21117496439460545,0.16670768010220924
0.11908690587415241,0.084648432284380681,0.13589567752220191,0.27878644323239038,0.21099928125887724,0.17058325982799746
0.12239874460062442,0.086221877458621643,0.13355616658100947,0.27517881396859256,0.20983467756608648,0.17280971982506554
0.12124644505956769,0.083727246214804013,0.12991582311782288,0.28600380804233871,0.20428691312111402,0.1748197644443526
0.12200430062769098,0.085690328988297815,0.13410470291920323,0.27586507329904186,0.21068601174029813,0.17164958242546799
0.12055601361007215,0.08466883140749086,0.13248672046580223,0.2812223048105042,0.20907164320612309,0.17199448650000745
0.12121813197811075,0.083714439771031143,0.12992566547669532,0.28600140061395901,0.20427467241208569,0.17486568974811795
0.12153878337485259,0.084671487428780695,0.13003235750150224,0.27919507923533338,0.20841124381288456,0.1761510486466466
0.12087143709776266,0.086345734020047721,0.1324896693334956,0.27888907445529876,0.21019344917934629,0.17121063591404906
0.12065292386455861,0.085932395354085825,0.13196125313149534,0.28313199145056495,0.20754425409057284,0.17077718210872259
0.12373481440477824,0.085108743267567344,0.13483877694658694,0.27463981217916728,0.21146791926158937,0.17020993394031092
0.12202430648322045,0.085700042029098769,0.13410032149342013,0.27586362631859129,0.2106896180268284,0.17162208564884091
0.12344127095876579,0.082553391837035944,0.13106984016311943,0.2738987911072695,0.20954662920405345,0.17949007672975603
0.12248192081379332,0.085993869539502985,0.13577618402606742,0.27373445029182814,0.21128004952294938,0.17073352580585882
0.12126064200658537,0.083733691745199124,0.12991094152822688,0.28600493071648775,0.20429303797018183,0.17479675603331893
0.12568716131333871,0.087443892408470406,0.13463889324965345,0.2677750842974419,0.21517883042276215,0.16927613830833346
0.12202430648322045,0.085700042029098769,0.13410032149342013,0.27586362631859129,0.2106896180268284,0.17162208564884091
0.12185598589563194,0.086094360515561352,0.13579788803067869,0.2771761564414702,0.21259148877511161,0.16648412034154619
0.12200430062769098,0.085690328988297815,0.13410470291920323,0.27586507329904186,0.21068601174029813,0.17164958242546799
0.12202430648322045,0.085700042029098769,0.13410032149342013,0.27586362631859129,0.2106896180268284,0.17162208564884091
0.12123227504044717,0.083720828877696052,0.12992073107262703,0.28600263138412257,0.2042807912618804,0.17484274236322686
0.12185079497196678,0.085992757817575594,0.13442940884248397,0.27305603724424471,0.20943311020988151,0.17523789091384742
0.12299884361379419,0.08709932062987169,0.13405749751556623,0.27362977616238954,0.21111291741133095,0.17110164466704733
0.12263835327442074,0.086559539255745929,0.14036783330186758,0.27144984980115233,0.20933469307289837,0.16964973129391492
0.12145677605140968,0.085681940829396924,0.13283993372543998,0.27482620355957099,0.21303212043467634,0.17216302539950598
0.12153092015787528,0.085353527223669581,0.13355810767753301,0.278791559242419,0.20983772728946182,0.17092815840904133
0.12215206921409599,0.086651682829555224,0.13521809707423454,0.27013906892773437,0.21345672548549346,0.17238235646888647
0.11921031873491296,0.084452815907987519,0.13623389297321167,0.28354131093175483,0.2073131507832561,0.16924851066887683
0.12516219168218604,0.091884767940083545,0.13522536239874325,0.2701372456557638,0.20858868700862429,0.16900174531459908
0.12202430648322045,0.085700042029098769,0.13410032149342013,0.27586362631859129,0.2106896180268284,0.17162208564884091
0.12264568182574594,0.085213886029995925,0.13577352163016887,0.27266000137803509,0.2152373631666965,0.16846954596935768
0.12280585010397081,0.086936855467574722,0.13709530371779444,0.27254789508927085,0.21077844181181268,0.16983565380957649
0.12210818758963127,0.084834322765701381,0.13564655703211123,0.27270929574747588,0.21110455248423435,0.17359708438084598
0.12154887066398554,0.085361821301924837,0.13355157494433323,0.27706191900452359,0.20983788676847667,0.17263792731675623
0.12200430062769098,0.085690328988297815,0.13410470291920323,0.27586507329904186,0.21068601174029813,0.17164958242546799
0.12329145497270443,0.087321111635035878,0.13382080864645635,0.27249251843996097,0.21452698838720624,0.16854711791863614
0.12151882977664274,0.085699234221503731,0.13396926657112262,0.27414604689874594,0.21112711743358312,0.17353950509840174
0.12345847648250159,0.087270076007406425,0.1341635368664546,0.27334245912956739,0.2111256038318266,0.17063984768224341
0.12055428300229955,0.084667615968017182,0.13299780653948004,0.27640187994121723,0.21346823115291161,0.17191018339607436
0.12200430062769098,0.085690328988297815,0.13410470291920323,0.27586507329904186,0.21068601174029813,0.17164958242546799
0.12313479729033336,0.086605329819714444,0.13746704150288946,0.27075211411959105,0.21383548203812561,0.168205235229346
0.12034985839796969,0.084063132721008627,0.13303881218633828,0.28488301603630495,0.20809292445346578,0.16957225620491279
0.12103182539286549,0.083845127968937672,0.13476933099745234,0.27973361471877461,0.21102314902565686,0.16959695189631305
0.12075086121560996,0.084344801829828106,0.13644447467592943,0.27187523618058262,0.21740617063922754,0.16917845545882251
0.12111022195132747,0.085045195607004978,0.13311619631340785,0.27410275470258794,0.20936524300622256,0.17726038841944919
0.12204432856449431,0.085709773434551176,0.13409595830692719,0.27586213716489671,0.21069322864255227,0.17159457388657834
0.12505932574308853,0.088081982884692045,0.13523318252817151,0.27126764181439522,0.21193863926541362,0.16841922776423909
0.12145126627767383,0.084840764164042598,0.1352808527047461,0.2724394103307522,0.21528888390404965,0.17069882261873562
0.1196590761739096,0.084930303667050455,0.13270482892432653,0.2796562600722991,0.20826117434163446,0.17478835682077992
0.12118847269528513,0.084608476588839007,0.12872668264553888,0.29117908274174392,0.20424053559499575,0.1700567497335973
0.12267669423786201,0.086723900393240239,0.13483570486645227,0.27474246094097132,0.20967823761868143,0.17134300194279273
0.12202430648322045,0.085700042029098769,0.13410032149342013,0.27586362631859129,0.2106896180268284,0.17162208564884091
0.12298903095205657,0.087599859995125623,0.13549980621313079,0.27096193382148004,0.21479736633522534,0.16815200268298167
0.12367755934922446,0.088047070330276714,0.13376147847325581,0.27085555910024545,0.21024302084976904,0.17341531189722842
0.12157072314471505,0.085819208742039424,0.13248666751679034,0.27830705750368812,0.20905199838371435,0.1727643447090528
0.1219843110150749,0.085680634330272801,0.1341091026456753,0.27586647799920821,0.21068240980636824,0.17167706420340056
0.12365543109948722,0.088035221017834328,0.13376443883671349,0.2733422061415447,0.21023774570013185,0.17096495720428845
0.12427795942677762,0.087327358498732036,0.13271010807706113,0.27077391838662174,0.21006929488509946,0.17484136072570794
0.12287480575511886,0.087351546691187915,0.13531305356813078,0.2736342970585427,0.21064386661960169,0.17018243030741806
0.12442398242849034,0.08518808626964855,0.13395371407843532,0.27255375242881735,0.21300553896872784,0.17087492582588065
0.12227412677396113,0.086057950802411382,0.13643736064986381,0.27176348555658647,0.214758012306968,0.16870906391020921
0.12082924505184635,0.081273069234738829,0.13451383711738354,0.28374674107991049,0.20986659826257795,0.16977050925354284
0.12200430062769098,0.085690328988297815,0.13410470291920323,0.27586507329904186,0.21068601174029813,0.17164958242546799
0.12354524374896361,0.086190172501418763,0.13302733682440238,0.27364883725181538,0.21164597963672935,0.17194243003667059
0.12078251605456963,0.083406878075279772,0.12941872220469552,0.28814462554430836,0.20350524381698026,0.17474201430416636
0.12148976991511964,0.085333273306597221,0.1335654059802229,0.277064611364292,0.20982827446863625,0.172718664965132
0.1211747996694561,0.086423494425787076,0.13643440022254452,0.2761626903527058,0.21388389823314519,0.16592071709636147
0.12200430062769098,0.085690328988297815,0.13410470291920323,0.27586507329904186,0.21068601174029813,0.17164958242546799
0.12273390501171007,0.085601720694354261,0.14003359604141688,0.27264033215728045,0.20919044690207581,0.16979999919316244
0.12190508923971426,0.085846551805366669,0.13603097037855469,0.27365535109207867,0.21164882744442981,0.17091321003985588
0.12202430648322045,0.085700042029098769,0.13410032149342013,0.27586362631859129,0.2106896180268284,0.17162208564884091
0.12154673995314648,0.085360324937895332,0.13354923383012338,0.27881452960976216,0.20983420838086733,0.17089496328820528
0.12220619736473495,0.085771382700145421,0.13817399684836917,0.27456749454147317,0.21044624533404782,0.16883468321122957
0.11963311205783257,0.084016414776115725,0.1332389079076266,0.28432128429009618,0.20722316852330511,0.17156711244502382
0.12226901292618136,0.086735709993907867,0.13602755439761421,0.27135957014447487,0.21132178149979489,0.17228637103802685
0.12243625089136793,0.086171766950466772,0.13463198145857719,0.27474702415404084,0.21111203660199476,0.1709009399435526
0.12146429952870461,0.085003901534987575,0.13574459734225236,0.27475060947756558,0.21244131634528762,0.17059527577120215
0.12120884209976943,0.084880070460605028,0.13348961845192098,0.27783411277709275,0.21034500539396883,0.1722423508166431
0.12281819952526772,0.088915240902211382,0.13438758129234246,0.27006129894536257,0.21552821555667195,0.16828946377814386
0.12436646488331929,0.084237061637576466,0.13192802359919786,0.27487840444936096,0.20960609505621364,0.17498395037433181
0.12205016346522143,0.085812373244852067,0.13450216978333801,0.27474691309354493,0.21198750955247078,0.17090087086057271
0.12375284671653981,0.08724299174781279,0.13329164662601381,0.27362882959569834,0.21155087645034665,0.17053280886358865
0.12125607823639371,0.08534263482396133,0.13288960225003682,0.27793050895701149,0.20973689165326592,0.17284428407933078
0.1205344753089764,0.084657989845595541,0.13248910013556986,0.27974062001177991,0.20814780912972064,0.17443000556835758
0.1238774287789972,0.085520006677358151,0.13301843819942355,0.27364546334827244,0.21235061768636651,0.17158804530958208
0.12202430648322045,0.085700042029098769,0.13410032149342013,0.27586362631859129,0.2106896180268284,0.17162208564884091
0.12099381956747199,0.086954271302152414,0.13205674853108015,0.27698593355857698,0.20790330445263572,0.17510592258808264
0.12225281351719143,0.085341774974219742,0.13413193671210039,0.27628987284575079,0.21103222143061409,0.17095138052012354
0.12138217365879582,0.084607434824313876,0.13478201510292692,0.27865073873190765,0.21311613712215674,0.16746150055989886
0.12202430648322045,0.085700042029098769,0.13410032149342013,0.27586362631859129,0.2106896180268284,0.17162208564884091
0.12027590389426461,0.084772065183459741,0.13250501592965994,0.27618213175640088,0.21200764451581358,0.17425723872040119
0.12586469601388442,0.091378509704665462,0.1304016661885575,0.27704831348324499,0.20602402070498801,0.16928279390465947
0.12237879251785644,0.086767053103949984,0.13433240814261349,0.27164066315723995,0.21602791308968763,0.16885316998865252
0.121493988763755,0.085336236586253542,0.13367053296074172,0.27520981798599653,0.21018727173495014,0.17410215196830317
0.1220015019736978,0.084693338150167885,0.13138270404264341,0.28385088325243718,0.20425982434736856,0.17381174823368506
0.12059685294712573,0.08470011074214262,0.13416097157323653,0.27703488129631837,0.21155916248026582,0.17194802096091091
0.12097605838704166,0.086104241884682062,0.13298155776064643,0.28050168328848574,0.20874933340296459,0.17068712527617971
0.12151086627631832,0.085343762910825849,0.13356232968514087,0.27645246162457338,0.20983391296171813,0.17329666654142348
0.121996147933712,0.085829887018871606,0.13404733062436072,0.27474296442424162,0.21161876940427074,0.1717649005945433
0.12242837194905597,0.086640518479807638,0.13974369422297223,0.26871666557948259,0.20784158854926732,0.1746291612194143
0.12152737999182942,0.085351040896251187,0.13403312630007824,0.27665666227764446,0.21150861122069656,0.1709231793135001
0.12250244271489934,0.085901891324448282,0.13370911095621685,0.27475219068390855,0.21153210941726169,0.17160225490326531
0.1220844213356921,0.085729291266880905,0.13408728640677139,0.27585903276530743,0.21070046276797638,0.17153950545737168
0.12202430648322045,0.085700042029098769,0.13410032149342013,0.27586362631859129,0.2106896180268284,0.17162208564884091
0.12046700702259629,0.084263696725384932,0.13726107931401754,0.2722195086677005,0.2079445902400717,0.17784411803022895
0.120338716369077,0.083097077623207852,0.12892324902053573,0.28984706618639861,0.20273983005248872,0.17505406074829205
0.12204432856449431,0.085709773434551176,0.13409595830692719,0.27586213716489671,0.21069322864255227,0.17159457388657834
0.12204432856449431,0.085709773434551176,0.13409595830692719,0.27586213716489671,0.21069322864255227,0.17159457388657834
0.12066442779044144,0.084210186407171775,0.13681287227741432,0.27358279075201919,0.21394860323873141,0.17078111953422195
0.12200430062769098,0.085690328988297815,0.13410470291920323,0.27586507329904186,0.21068601174029813,0.17164958242546799
0.12200430062769098,0.085690328988297815,0.13410470291920323,0.27586507329904186,0.21068601174029813,0.17164958242546799
0.12570855077888224,0.085393860629843152,0.13457205849718898,0.27402527743775856,0.21216729258794834,0.16813296006837863
0.1232221876962373,0.087104239357262359,0.13439513098835471,0.2733290228054745,0.21033059862147852,0.17161882053119257
0.12051574441990782,0.084649126947207665,0.1324945659350574,0.2812240109137773,0.20906500947384449,0.17205154231020522
0.12313164109531324,0.086190927110149029,0.13412647302575739,0.27474441022688467,0.2109601572345158,0.17084639130737989
0.12077606462967662,0.085119798105383629,0.13303062436927218,0.27328789016023525,0.21285793252799295,0.17492769020743934
0.12317549444378417,0.086595045100113621,0.13786259652539645,0.26865612148500589,0.21542912645394982,0.16828161599174996
0.12219072259076712,0.088139718832732125,0.13407798675530233,0.27364176954133634,0.21170999271871788,0.17023980956114412
0.12546716383335485,0.086719122266106688,0.13540454835205695,0.27145851800880544,0.21204292498961141,0.16890772255006473
0.12123323513854169,0.086978550618967462,0.1308765382294175,0.27142054776941893,0.21291400971223487,0.17657711853141955
0.12231569346761303,0.087454990839800767,0.13302408730471746,0.2736496579793869,0.21301606383446478,0.17053950657401712
0.12202430648322045,0.085700042029098769,0.13410032149342013,0.27586362631859129,0.2106896180268284,0.17162208564884091
0.12250145069797766,0.085021125956215193,0.1343662277655161,0.27624261525277527,0.21135793999729841,0.17051064033021743
0.12207442629210338,0.086030577948426737,0.13312244409942478,0.27410215420649564,0.20974260801619593,0.17492778943735365
0.1221495518875151,0.085442076471245493,0.13490575444543465,0.27474821460425025,0.21045635901910165,0.1722980435724529
0.12123227504044717,0.083720828877696052,0.12992073107262703,0.28600263138412257,0.2042807912618804,0.17484274236322686
0.12409484405496256,0.090251052359347467,0.14423121342497106,0.26131005010388197,0.21337907398248432,0.16673376607435259
0.12283891738026656,0.084876144612691884,0.13523538936365548,0.27157932568540066,0.21766839848190914,0.16780182447607628
0.12151646691838321,0.085347696549710833,0.13540099652116139,0.27476202790405529,0.21055171820635032,0.17242109390033888
0.12279580136415849,0.088022154482197204,0.13234836467941483,0.26694487183753335,0.22037956670991402,0.16950924092678218
0.1215326789195116,0.085354762436148937,0.13356004049327816,0.27607327730005998,0.21076540376598507,0.17271383708501639
0.12212700371201232,0.08614329755102311,0.13408220762157161,0.2765194130884055,0.21090644290945809,0.17022163511752939
0.12250145069797766,0.085021125956215193,0.1343662277655161,0.27624261525277527,0.21135793999729841,0.17051064033021743
0.11962098161193373,0.085329943696537375,0.13539995066508317,0.27838410120096818,0.20746027479042223,0.17380474803505533
0.12242198279730161,0.085374839430099256,0.13528630537075259,0.27475135257560418,0.21128835488677947,0.17087716493946295
0.12425646361425065,0.08615004648334737,0.13630854300496914,0.27019439417800806,0.21205280733853515,0.17103774538088948
0.12172763851869334,0.08535413361008054,0.13596753155800478,0.27358745627844827,0.21140378909248622,0.17195945094228682
0.12196696938774089,0.087921229419754596,0.1324905525065134,0.27351715249167091,0.21276277631375054,0.17134131988056978
0.12259476582319917,0.086031715570991624,0.13475057478541544,0.27499971267964951,0.21066786850860927,0.17095536263213496
0.12188639693400656,0.086106931271065612,0.1366921904868483,0.27363779142581834,0.21118585421770683,0.17049083566455447
0.12200430062769098,0.085690328988297815,0.13410470291920323,0.27586507329904186,0.21068601174029813,0.17164958242546799
0.1217281975400582,0.087066082377292187,0.13632503135333507,0.272408513796976,0.21201323133237729,0.17045894359996125
0.12469621811752919,0.090881807699615721,0.1333402154118489,0.26886700376299821,0.21308363457734392,0.16913112043066406
0.12233052085850987,0.085009769057380058,0.133673396518006,0.27364167635661374,0.20964580279012349,0.17569883441936684
0.11879576778994101,0.082677627890023364,0.13503375030260825,0.27764561813788163,0.20888763835063529,0.17695959752891061
0.12260895716474661,0.084656044244608597,0.13505817843456766,0.27253537390357252,0.21556367924027345,0.16957776701223121
0.12204432856449431,0.085709773434551176,0.13409595830692719,0.27586213716489671,0.21069322864255227,0.17159457388657834
0.12330903487544985,0.087609364032578005,0.13525936490871057,0.26967764190954563,0.21071806436439311,0.17342652990932267
0.12765102685812668,0.09015592016000426,0.13227711670959166,0.26484303192039321,0.21589683442958935,0.16917606992229475
0.12128441443305019,0.085154228808478519,0.1325101422313163,0.27739848165469261,0.21148429298380744,0.17216843988865496
0.12173326994936237,0.08515414027670358,0.13449687308191907,0.2785106776336444,0.20989260183252728,0.17021243722584334
0.12070909468953699,0.084429651096271235,0.13643948445801476,0.27468893361835034,0.21989090600735756,0.16384193013046908
0.1219917270041128,0.085650932663183174,0.13473899862762193,0.27349034717642684,0.2153242000632114,0.16880379446544397
0.12195393017647393,0.085919623483733235,0.13403315600143656,0.27410978328677199,0.21039724985475283,0.17358625719683138
0.12218866422540953,0.085333419822911274,0.12932318400211829,0.28629008069967316,0.20341231739726617,0.17345233385262143
0.12116959782808358,0.083112730805615306,0.13054997015142517,0.28644411120637442,0.2041129863030702,0.1746106037054313
0.12416907654747179,0.087498794337245001,0.13222991637935891,0.27194833932731399,0.20986577487107141,0.17428809853753899
0.1212491149457816,0.084174022235584303,0.1309071337740062,0.27826071375185851,0.2093610624862807,0.17604795280648866
0.12311192162726355,0.085381562318769089,0.13677602588197024,0.27067355225508499,0.2107055944674972,0.17335134344941491
0.12165385962663225,0.085013429627102996,0.1342403125349792,0.27594012277746793,0.21116462285063484,0.17198765258318274
0.1210289067355495,0.085172152385944375,0.13277221191182897,0.28321482324184138,0.20391531782867589,0.17389658789615992
0.12121813197811075,0.083714439771031143,0.12992566547669532,0.28600140061395901,0.20427467241208569,0.17486568974811795
0.12425744762620197,0.08916832716212264,0.14192776171157953,0.27011572562891256,0.21284487175032826,0.16168586612085503
0.12397460025082024,0.083414571097435719,0.12937291697210332,0.28133048414609685,0.21169844516548125,0.17020898236806267
0.1235382724195529,0.084598354501725134,0.14055298132034097,0.26464398339355089,0.22060219837471096,0.16606420999011923
0.12406190268782645,0.08579698254838336,0.13649791847451562,0.27187294616617941,0.21236112686642544,0.16940912325666976
